"Espanola" "Fernandina" "Floreana" "Genovesa" "Isabela" "Marchena" "Pinta" "Pinzon" "San_Cristobal" "Santa_Cruz" "Santa_Fe" "Santiago"
"Espanola" 0 0.466666666666667 0.3671875 0.424460431654676 0.456445993031359 0.56390977443609 0.39 0.261363636363636 0.407407407407407 0.426666666666667 0.254658385093168 0.437037037037037
"Fernandina" 0.466666666666667 0 0.374545454545455 0.569620253164557 0.30718954248366 0.539473684210526 0.287671232876712 0.528205128205128 0.42560553633218 0.398119122257053 0.488888888888889 0.342560553633218
"Floreana" 0.3671875 0.374545454545455 0 0.579908675799087 0.198910081743869 0.643192488262911 0.328571428571429 0.3671875 0.205714285714286 0.189473684210526 0.435684647302905 0.2
"Genovesa" 0.424460431654676 0.569620253164557 0.579908675799087 0 0.608 0.395833333333333 0.496932515337423 0.525179856115108 0.622317596566524 0.627376425855513 0.387096774193548 0.587982832618026
"Isabela" 0.456445993031359 0.30718954248366 0.198910081743869 0.608 0 0.647540983606557 0.337620578778135 0.477351916376307 0.196850393700787 0.148418491484185 0.529411764705882 0.149606299212598
"Marchena" 0.56390977443609 0.539473684210526 0.643192488262911 0.395833333333333 0.647540983606557 0 0.477707006369427 0.639097744360902 0.647577092511013 0.673151750972763 0.474576271186441 0.638766519823789
"Pinta" 0.39 0.287671232876712 0.328571428571429 0.496932515337423 0.337620578778135 0.477707006369427 0 0.38 0.360544217687075 0.376543209876543 0.383783783783784 0.312925170068027
"Pinzon" 0.261363636363636 0.528205128205128 0.3671875 0.525179856115108 0.477351916376307 0.639097744360902 0.38 0 0.451851851851852 0.453333333333333 0.366459627329193 0.437037037037037
"San_Cristobal" 0.407407407407407 0.42560553633218 0.205714285714286 0.622317596566524 0.196850393700787 0.647577092511013 0.360544217687075 0.451851851851852 0 0.17258883248731 0.474509803921569 0.203296703296703
"Santa_Cruz" 0.426666666666667 0.398119122257053 0.189473684210526 0.627376425855513 0.148418491484185 0.673151750972763 0.376543209876543 0.453333333333333 0.17258883248731 0 0.515789473684211 0.152284263959391
"Santa_Fe" 0.254658385093168 0.488888888888889 0.435684647302905 0.387096774193548 0.529411764705882 0.474576271186441 0.383783783783784 0.366459627329193 0.474509803921569 0.515789473684211 0 0.466666666666667
"Santiago" 0.437037037037037 0.342560553633218 0.2 0.587982832618026 0.149606299212598 0.638766519823789 0.312925170068027 0.437037037037037 0.203296703296703 0.152284263959391 0.466666666666667 0
