"Espanola" "Fernandina" "Floreana" "Genovesa" "Isabela" "Marchena" "Pinta" "Pinzon" "San_Cristobal" "Santa_Cruz" "Santa_Fe" "Santiago"
"Espanola" 0 0.51 0.388888888888889 0.488 0.459649122807018 0.577235772357724 0.4 0.329411764705882 0.408560311284047 0.428571428571429 0.281045751633987 0.43609022556391
"Fernandina" 0.51 0 0.338028169014085 0.656050955414013 0.274447949526814 0.612903225806452 0.310344827586207 0.524752475247525 0.384083044982699 0.366771159874608 0.545945945945946 0.315436241610738
"Floreana" 0.388888888888889 0.338028169014085 0 0.645933014354067 0.197831978319783 0.671497584541063 0.309859154929577 0.37007874015748 0.190615835777126 0.191374663072776 0.476793248945148 0.182857142857143
"Genovesa" 0.488 0.656050955414013 0.645933014354067 0 0.677685950413223 0.4 0.579617834394904 0.622047244094488 0.672897196261682 0.688524590163934 0.418181818181818 0.650224215246637
"Isabela" 0.459649122807018 0.274447949526814 0.197831978319783 0.677685950413223 0 0.7 0.324921135646688 0.477351916376307 0.197860962566845 0.138613861386139 0.540740740740741 0.133159268929504
"Marchena" 0.577235772357724 0.612903225806452 0.671497584541063 0.4 0.7 0 0.561290322580645 0.664 0.660377358490566 0.702479338842975 0.481481481481481 0.67420814479638
"Pinta" 0.4 0.310344827586207 0.309859154929577 0.579617834394904 0.324921135646688 0.561290322580645 0 0.366336633663366 0.335640138408304 0.335423197492163 0.416216216216216 0.275167785234899
"Pinzon" 0.329411764705882 0.524752475247525 0.37007874015748 0.622047244094488 0.477351916376307 0.664 0.366336633663366 0 0.436293436293436 0.44636678200692 0.393548387096774 0.432835820895522
"San_Cristobal" 0.408560311284047 0.384083044982699 0.190615835777126 0.672897196261682 0.197860962566845 0.660377358490566 0.335640138408304 0.436293436293436 0 0.180851063829787 0.504132231404959 0.205633802816901
"Santa_Cruz" 0.428571428571429 0.366771159874608 0.191374663072776 0.688524590163934 0.138613861386139 0.702479338842975 0.335423197492163 0.44636678200692 0.180851063829787 0 0.522058823529412 0.132467532467532
"Santa_Fe" 0.281045751633987 0.545945945945946 0.476793248945148 0.418181818181818 0.540740740740741 0.481481481481481 0.416216216216216 0.393548387096774 0.504132231404959 0.522058823529412 0 0.48207171314741
"Santiago" 0.43609022556391 0.315436241610738 0.182857142857143 0.650224215246637 0.133159268929504 0.67420814479638 0.275167785234899 0.432835820895522 0.205633802816901 0.132467532467532 0.48207171314741 0
