"SMR" "SMG" "TER" "GRA" "SJG" "PIC" "FAI" "FLO" "COR"
"SMR" 0 0.185185185185185 0.285714285714286 0.263157894736842 0.28 0.259259259259259 0.28 0.25 0.142857142857143
"SMG" 0.185185185185185 0 0.151515151515152 0.333333333333333 0.2 0.0625 0.0666666666666667 0.172413793103448 0.230769230769231
"TER" 0.285714285714286 0.151515151515152 0 0.44 0.225806451612903 0.0909090909090909 0.161290322580645 0.266666666666667 0.259259259259259
"GRA" 0.263157894736842 0.333333333333333 0.44 0 0.272727272727273 0.333333333333333 0.272727272727273 0.428571428571429 0.333333333333333
"SJG" 0.28 0.2 0.225806451612903 0.272727272727273 0 0.2 0.142857142857143 0.185185185185185 0.25
"PIC" 0.259259259259259 0.0625 0.0909090909090909 0.333333333333333 0.2 0 0.0666666666666667 0.241379310344828 0.230769230769231
"FAI" 0.28 0.0666666666666667 0.161290322580645 0.272727272727273 0.142857142857143 0.0666666666666667 0 0.185185185185185 0.25
"FLO" 0.25 0.172413793103448 0.266666666666667 0.428571428571429 0.185185185185185 0.241379310344828 0.185185185185185 0 0.217391304347826
"COR" 0.142857142857143 0.230769230769231 0.259259259259259 0.333333333333333 0.25 0.230769230769231 0.25 0.217391304347826 0
